kinematics:
  shoulder:
    x: 0
    y: 0
    z: 0.1627203292421139
    roll: -0
    pitch: 0
    yaw: -8.254926299466891e-08
  upper_arm:
    x: 0.0002062320117227007
    y: 0
    z: 0
    roll: 1.571264671703613
    pitch: 0
    yaw: 4.352456843894952e-06
  forearm:
    x: -0.4250604489025125
    y: 0
    z: 0
    roll: 0.0016096288375543
    pitch: -0.0005790178441580614
    yaw: 3.36350672953314e-07
  wrist_1:
    x: -0.3922798871892269
    y: -0.001051907986750924
    z: 0.1337316639035639
    roll: 0.007865648737619911
    pitch: 0.0004508727051396835
    yaw: -4.917384681140752e-06
  wrist_2:
    x: -0.0001134683097695187
    y: -0.09952890806944871
    z: 0.0001787127217177691
    roll: 1.569000742646328
    pitch: 0
    yaw: -8.82472441527532e-07
  wrist_3:
    x: 4.336514925858455e-05
    y: 0.09959642943960118
    z: 0.0001895322304921579
    roll: 1.572699326759527
    pitch: 3.141592653589793
    yaw: 3.141592650713831
  hash: calib_16593003327654743149